Fitness Progress Results
Population Size: 10
Steps: 500

Generation  Best        Average     Worst       StdDev      
0           inf         inf         6.68        nan         
1           18.44       13.98       6.68        1.65        
2           18.19       13.78       6.68        1.51        
3           16.89       13.60       6.68        1.43        
4           16.39       13.39       6.68        1.39        
5           16.25       13.28       6.68        1.36        
6           16.20       13.16       6.68        1.31        
7           16.10       13.06       6.68        1.25        
8           16.10       12.96       6.68        1.24        
9           15.26       12.84       6.68        1.21        
10          15.15       12.75       6.68        1.17        
11          15.01       12.67       6.68        1.15        
12          15.00       12.60       6.68        1.12        
13          14.68       12.52       6.68        1.12        
14          14.68       12.47       6.68        1.10        
15          14.68       12.40       6.68        1.11        
16          14.68       12.35       6.68        1.10        
17          14.68       12.31       6.68        1.09        
18          14.58       12.26       6.68        1.08        
19          14.33       12.20       6.68        1.06        
20          14.24       12.13       6.68        1.05        
21          14.24       12.08       6.68        1.06        
22          14.24       12.02       6.68        1.06        
23          14.24       11.99       6.68        1.06        
24          14.24       11.95       6.68        1.07        
25          14.24       11.91       6.68        1.06        
26          14.24       11.85       6.68        1.06        
27          14.24       11.78       6.68        1.08        
28          14.23       11.74       6.68        1.09        
29          14.23       11.71       6.68        1.08        
30          14.23       11.67       6.68        1.09        
31          14.23       11.64       6.68        1.08        
32          13.86       11.60       6.68        1.07        
33          13.86       11.56       6.68        1.09        
34          13.86       11.53       6.68        1.08        
35          13.86       11.49       6.68        1.08        
36          13.86       11.46       6.68        1.08        
37          13.42       11.42       6.68        1.07        
38          13.42       11.38       6.68        1.07        
39          13.42       11.35       6.68        1.07        
40          13.42       11.32       6.68        1.05        
41          13.42       11.27       6.68        1.05        
42          13.42       11.20       6.68        1.06        
43          13.33       11.15       6.68        1.05        
44          13.33       11.13       6.68        1.05        
45          13.33       11.11       6.68        1.04        
46          13.33       11.07       6.68        1.04        
47          13.33       11.05       6.68        1.03        
48          13.33       11.02       6.68        1.03        
49          13.33       10.99       6.68        1.03        
50          13.33       10.97       6.68        1.03        
51          13.33       10.94       6.68        1.04        
52          13.33       10.91       6.68        1.04        
53          13.33       10.88       6.68        1.04        
54          13.33       10.85       6.68        1.05        
55          13.33       10.83       6.68        1.04        
56          13.33       10.78       6.68        1.04        
57          13.33       10.77       6.68        1.03        
58          13.29       10.73       6.68        1.03        
59          13.29       10.71       6.68        1.03        
60          13.29       10.69       6.68        1.03        
61          13.29       10.67       6.68        1.03        
62          13.29       10.65       6.68        1.02        
63          13.29       10.64       6.68        1.02        
64          13.29       10.62       6.68        1.02        
65          13.29       10.60       6.68        1.02        
66          13.29       10.58       6.68        1.02        
67          13.29       10.57       6.68        1.02        
68          13.29       10.54       6.68        1.01        
69          13.12       10.51       6.68        1.03        
70          13.12       10.47       5.77        1.05        
71          13.03       10.46       5.77        1.04        
72          12.86       10.45       5.77        1.04        
73          12.84       10.44       5.77        1.03        
74          12.84       10.43       5.77        1.02        
75          12.84       10.42       5.77        1.02        
76          12.84       10.41       5.77        1.01        
77          12.84       10.41       5.77        1.01        
78          12.84       10.39       5.77        1.01        
79          12.84       10.38       5.77        1.01        
80          12.84       10.38       5.77        1.01        
81          12.81       10.36       5.77        1.01        
82          12.54       10.35       5.77        1.00        
83          12.54       10.35       5.77        1.00        
84          12.54       10.33       5.77        1.00        
85          12.54       10.32       5.77        1.00        
86          12.54       10.31       5.77        1.00        
87          12.54       10.30       5.77        1.00        
88          12.54       10.29       5.77        1.00        
89          12.44       10.28       5.77        0.99        
90          12.44       10.26       5.77        1.00        
91          12.34       10.25       5.77        0.99        
92          12.34       10.24       5.77        0.99        
93          12.34       10.23       5.77        0.99        
94          12.34       10.22       5.77        0.98        
95          12.34       10.20       5.77        0.98        
96          12.34       10.19       5.77        0.98        
97          12.34       10.18       5.77        0.97        
98          12.34       10.16       5.77        0.97        
99          12.34       10.14       5.77        0.97        
100         12.34       10.13       5.77        0.96        
101         12.34       10.12       5.77        0.96        
102         12.34       10.11       5.77        0.96        
103         12.15       10.09       5.77        0.96        
104         12.15       10.08       5.77        0.96        
105         12.15       10.07       5.77        0.96        
106         12.06       10.06       5.77        0.96        
107         12.06       10.05       5.77        0.97        
108         12.06       10.05       5.77        0.96        
109         12.06       10.03       5.77        0.98        
110         12.06       10.03       5.77        0.98        
111         12.06       10.03       5.77        0.97        
112         12.06       10.02       5.77        0.97        
113         12.06       10.01       5.77        0.97        
114         12.06       10.01       5.77        0.97        
115         12.06       10.01       5.77        0.97        
116         12.06       10.00       5.77        0.96        
117         12.06       9.99        5.77        0.96        
118         12.06       9.99        5.77        0.96        
119         12.06       9.97        5.77        0.97        
120         12.06       9.96        5.77        0.97        
121         12.06       9.95        5.77        0.97        
122         12.06       9.94        5.77        0.97        
123         12.03       9.92        5.77        0.98        
124         12.03       9.92        5.77        0.99        
125         12.03       9.91        5.77        0.99        
126         12.03       9.90        5.77        0.98        
127         12.03       9.89        5.77        0.98        
128         12.03       9.89        5.77        0.99        
129         12.03       9.87        5.77        1.00        
130         12.03       9.86        5.77        0.99        
131         12.03       9.86        5.77        0.99        
132         12.03       9.85        5.77        0.99        
133         12.03       9.85        5.77        0.99        
134         12.03       9.83        5.77        0.99        
135         12.03       9.82        5.77        0.99        
136         12.03       9.81        5.77        0.99        
137         11.96       9.80        5.77        0.98        
138         11.91       9.79        5.77        0.97        
139         11.91       9.78        5.77        0.98        
140         11.91       9.77        5.77        0.98        
141         11.91       9.77        5.77        0.98        
142         11.91       9.77        5.77        0.97        
143         11.91       9.77        5.77        0.97        
144         11.91       9.76        5.77        0.97        
145         11.91       9.76        5.77        0.97        
146         11.91       9.76        5.77        0.97        
147         11.91       9.76        5.77        0.97        
148         11.91       9.76        5.77        0.97        
149         11.91       9.75        5.77        0.97        
150         11.91       9.75        5.77        0.97        
151         11.91       9.74        5.77        0.97        
152         11.90       9.73        5.77        0.97        
153         11.87       9.73        5.77        0.97        
154         11.87       9.72        5.77        0.97        
155         11.87       9.71        5.77        0.97        
156         11.87       9.71        5.77        0.97        
157         11.87       9.71        5.77        0.97        
158         11.87       9.70        5.77        0.97        
159         11.87       9.70        5.77        0.97        
160         11.87       9.69        5.77        0.98        
161         11.87       9.68        5.77        0.98        
162         11.87       9.67        5.77        0.98        
163         11.87       9.67        5.77        0.97        
164         11.87       9.66        5.77        0.97        
165         11.87       9.66        5.77        0.97        
166         11.87       9.65        5.77        0.97        
167         11.87       9.65        5.77        0.97        
168         11.87       9.64        5.77        0.97        
169         11.87       9.63        5.77        0.97        
170         11.87       9.63        5.77        0.97        
171         11.87       9.62        5.77        0.97        
172         11.87       9.62        5.77        0.97        
173         11.87       9.62        5.77        0.97        
174         11.87       9.62        5.77        0.97        
175         11.87       9.61        5.77        0.97        
176         11.87       9.60        5.77        0.96        
177         11.87       9.60        5.77        0.96        
178         11.87       9.59        5.77        0.97        
179         11.87       9.58        5.77        0.97        
180         11.87       9.57        5.77        0.98        
181         11.87       9.57        5.77        0.98        
182         11.87       9.56        5.77        0.98        
183         11.87       9.55        5.77        0.98        
184         11.87       9.54        5.77        0.99        
185         11.87       9.54        5.77        0.99        
186         11.87       9.54        5.77        0.99        
187         11.87       9.52        5.77        0.99        
188         11.87       9.52        5.77        0.99        
189         11.87       9.50        5.77        1.00        
190         11.87       9.50        5.77        1.00        
191         11.87       9.49        5.77        1.00        
192         11.87       9.48        5.77        1.00        
193         11.87       9.48        5.77        1.00        
194         11.87       9.48        5.77        1.00        
195         11.87       9.48        5.77        1.00        
196         11.87       9.48        5.77        1.00        
197         11.87       9.48        5.77        0.99        
198         11.87       9.48        5.77        0.99        
199         11.87       9.47        5.77        0.99        
200         11.87       9.47        5.77        0.99        
201         11.87       9.46        5.77        1.00        
202         11.87       9.45        5.77        1.00        
203         11.87       9.45        5.77        1.00        
204         11.57       9.45        5.77        0.99        
205         11.57       9.44        5.77        0.99        
206         11.57       9.44        5.77        0.99        
207         11.57       9.44        5.77        0.99        
208         11.57       9.44        5.77        0.99        
209         11.57       9.44        5.77        0.98        
210         11.57       9.44        5.77        0.98        
211         11.49       9.43        5.77        0.98        
212         11.49       9.43        5.77        0.98        
213         11.49       9.43        5.77        0.98        
214         11.49       9.43        5.77        0.98        
215         11.49       9.43        5.77        0.98        
216         11.49       9.43        5.77        0.98        
217         11.49       9.42        5.77        0.98        
218         11.49       9.42        5.77        0.98        
219         11.49       9.42        5.77        0.98        
220         11.49       9.42        5.77        0.99        
221         11.49       9.42        5.77        0.99        
222         11.49       9.42        5.77        0.98        
223         11.49       9.41        5.77        0.99        
224         11.49       9.41        5.77        0.99        
225         11.49       9.40        5.77        0.99        
226         11.49       9.40        5.77        0.98        
227         11.49       9.40        5.77        0.98        
228         11.49       9.39        5.77        0.98        
229         11.49       9.39        5.77        0.98        
230         11.49       9.38        5.77        0.98        
231         11.49       9.38        5.77        0.99        
232         11.49       9.37        5.77        0.99        
233         11.49       9.37        5.77        0.99        
234         11.49       9.37        5.77        0.99        
235         11.49       9.37        5.77        0.99        
236         11.49       9.36        5.77        0.99        
237         11.49       9.36        5.77        0.99        
238         11.49       9.35        5.77        0.98        
239         11.49       9.35        5.77        0.98        
240         11.49       9.34        5.77        0.99        
241         11.49       9.34        5.77        0.99        
242         11.49       9.34        5.77        0.99        
243         11.49       9.34        5.77        0.99        
244         11.49       9.33        5.77        0.99        
245         11.49       9.33        5.77        1.00        
246         11.49       9.32        5.77        0.99        
247         11.49       9.32        5.77        1.00        
248         11.49       9.31        5.77        1.00        
249         11.49       9.31        5.77        1.00        
250         11.49       9.31        5.77        1.00        
251         11.49       9.31        5.77        1.00        
252         11.49       9.30        5.77        1.00        
253         11.49       9.28        4.73        1.02        
254         11.49       9.28        4.73        1.01        
255         11.49       9.28        4.73        1.02        
256         11.49       9.26        4.73        1.02        
257         11.49       9.26        4.73        1.02        
258         11.49       9.26        4.73        1.02        
259         11.49       9.25        4.73        1.02        
260         11.49       9.25        4.73        1.02        
261         11.49       9.24        4.73        1.02        
262         11.48       9.24        4.73        1.02        
263         11.48       9.24        4.73        1.02        
264         11.48       9.24        4.73        1.02        
265         11.48       9.24        4.73        1.02        
266         11.48       9.24        4.73        1.02        
267         11.48       9.23        4.73        1.02        
268         11.48       9.22        4.73        1.02        
269         11.48       9.21        4.73        1.02        
270         11.48       9.21        4.73        1.03        
271         11.48       9.20        4.73        1.03        
272         11.48       9.20        4.73        1.03        
273         11.48       9.20        4.73        1.03        
274         11.48       9.20        4.73        1.03        
275         11.48       9.20        4.73        1.03        
276         11.48       9.20        4.73        1.03        
277         11.48       9.19        4.73        1.03        
278         11.48       9.19        4.73        1.03        
279         11.48       9.19        4.73        1.03        
280         11.48       9.19        4.73        1.03        
281         11.48       9.19        4.73        1.03        
282         11.48       9.19        4.73        1.03        
283         11.48       9.18        4.73        1.03        
284         11.48       9.18        4.73        1.03        
285         11.48       9.18        4.73        1.03        
286         11.48       9.17        4.73        1.03        
287         11.48       9.17        4.73        1.03        
288         11.48       9.17        4.73        1.03        
289         11.48       9.17        4.73        1.04        
290         11.48       9.17        4.73        1.03        
291         11.48       9.16        4.73        1.04        
292         11.48       9.16        4.73        1.04        
293         11.48       9.16        4.73        1.04        
294         11.48       9.16        4.73        1.04        
295         11.48       9.16        4.73        1.04        
296         11.48       9.16        4.73        1.04        
297         11.48       9.15        4.73        1.04        
298         11.48       9.15        4.73        1.04        
299         11.48       9.15        4.73        1.05        
300         11.48       9.14        4.73        1.05        
301         11.48       9.14        4.73        1.04        
302         11.48       9.14        4.73        1.04        
303         11.48       9.14        4.73        1.04        
304         11.48       9.13        4.73        1.04        
305         11.48       9.13        4.73        1.04        
306         11.35       9.13        4.73        1.04        
307         11.35       9.12        4.73        1.04        
308         11.35       9.12        4.73        1.04        
309         11.35       9.11        4.73        1.05        
310         11.35       9.11        4.73        1.05        
311         11.35       9.10        4.73        1.05        
312         11.35       9.10        4.73        1.05        
313         11.35       9.10        4.73        1.05        
314         11.35       9.10        4.73        1.05        
315         11.35       9.10        4.73        1.05        
316         11.35       9.10        4.73        1.05        
317         11.35       9.09        4.73        1.05        
318         11.35       9.09        4.73        1.05        
319         11.35       9.09        4.73        1.05        
320         11.35       9.08        4.73        1.04        
321         11.35       9.08        4.73        1.04        
322         11.35       9.07        4.73        1.05        
323         11.35       9.07        4.73        1.05        
324         11.35       9.07        4.73        1.05        
325         11.35       9.06        4.73        1.05        
326         11.17       9.06        4.73        1.05        
327         11.17       9.06        4.73        1.05        
328         11.17       9.05        4.73        1.04        
329         11.17       9.05        4.73        1.04        
330         11.16       9.04        4.73        1.04        
331         11.16       9.04        4.73        1.04        
332         11.16       9.04        4.73        1.04        
333         11.16       9.03        4.73        1.05        
334         11.16       9.02        4.73        1.05        
335         11.16       9.02        4.73        1.05        
336         11.16       9.02        4.73        1.05        
337         11.16       9.02        4.73        1.05        
338         11.16       9.01        4.73        1.05        
339         11.16       9.01        4.73        1.05        
340         11.16       9.01        4.73        1.06        
341         11.16       9.00        4.73        1.06        
342         11.16       9.00        4.73        1.06        
343         11.16       9.00        4.73        1.06        
344         11.16       9.00        4.73        1.06        
345         11.16       9.00        4.73        1.06        
346         11.16       8.99        4.73        1.06        
347         11.16       8.99        4.73        1.06        
348         11.16       8.99        4.73        1.06        
349         11.16       8.99        4.73        1.06        
350         11.16       8.99        4.73        1.06        
351         11.16       8.99        4.73        1.06        
352         11.16       8.99        4.73        1.06        
353         11.16       8.99        4.73        1.06        
354         11.16       8.98        4.73        1.06        
355         11.16       8.98        4.73        1.06        
356         11.16       8.98        4.73        1.06        
357         11.16       8.97        4.73        1.06        
358         11.16       8.97        4.73        1.06        
359         11.16       8.97        4.73        1.06        
360         11.16       8.97        4.73        1.06        
361         11.16       8.97        4.73        1.06        
362         11.16       8.97        4.73        1.06        
363         11.16       8.97        4.73        1.06        
364         11.16       8.97        4.73        1.06        
365         11.16       8.97        4.73        1.05        
366         11.16       8.96        4.73        1.05        
367         11.16       8.96        4.73        1.05        
368         11.15       8.95        4.73        1.05        
369         11.15       8.95        4.73        1.04        
370         11.12       8.94        4.73        1.05        
371         11.12       8.94        4.73        1.05        
372         11.12       8.94        4.73        1.05        
373         11.12       8.93        4.73        1.05        
374         11.12       8.93        4.73        1.05        
375         11.12       8.93        4.73        1.05        
376         11.12       8.93        4.73        1.05        
377         11.12       8.93        4.73        1.05        
378         11.12       8.92        4.73        1.05        
379         11.12       8.92        4.73        1.06        
380         11.12       8.91        4.73        1.06        
381         11.12       8.91        4.73        1.06        
382         11.12       8.91        4.73        1.06        
383         11.12       8.90        4.73        1.07        
384         11.12       8.90        4.73        1.07        
385         11.12       8.90        4.73        1.07        
386         11.12       8.90        4.73        1.06        
387         11.12       8.89        4.73        1.07        
388         11.12       8.89        4.73        1.07        
389         11.12       8.89        4.73        1.07        
390         10.94       8.89        4.73        1.07        
391         10.94       8.89        4.73        1.07        
392         10.94       8.89        4.73        1.07        
393         10.94       8.88        4.73        1.07        
394         10.92       8.88        4.73        1.06        
395         10.92       8.88        4.73        1.06        
396         10.92       8.87        4.73        1.08        
397         10.92       8.87        4.73        1.08        
398         10.92       8.86        4.73        1.07        
399         10.92       8.86        4.73        1.07        
400         10.92       8.86        4.73        1.07        
401         10.92       8.86        4.73        1.07        
402         10.92       8.86        4.73        1.07        
403         10.92       8.85        4.73        1.07        
404         10.92       8.85        4.73        1.07        
405         10.92       8.85        4.73        1.07        
406         10.92       8.85        4.73        1.07        
407         10.92       8.85        4.73        1.07        
408         10.92       8.85        4.73        1.07        
409         10.92       8.84        4.73        1.07        
410         10.92       8.84        4.73        1.07        
411         10.92       8.84        4.73        1.07        
412         10.92       8.84        4.73        1.07        
413         10.92       8.84        4.73        1.07        
414         10.92       8.83        4.73        1.07        
415         10.92       8.83        4.73        1.07        
416         10.92       8.82        4.73        1.07        
417         10.92       8.82        4.73        1.08        
418         10.92       8.82        4.73        1.08        
419         10.92       8.81        4.73        1.08        
420         10.92       8.81        4.73        1.08        
421         10.92       8.81        4.73        1.08        
422         10.92       8.81        4.73        1.08        
423         10.92       8.81        4.73        1.08        
424         10.92       8.81        4.73        1.08        
425         10.92       8.80        4.73        1.08        
426         10.92       8.80        4.73        1.07        
427         10.92       8.80        4.73        1.07        
428         10.92       8.80        4.73        1.08        
429         10.92       8.80        4.73        1.08        
430         10.92       8.80        4.73        1.08        
431         10.92       8.80        4.73        1.08        
432         10.92       8.79        4.73        1.08        
433         10.92       8.79        4.73        1.08        
434         10.92       8.79        4.73        1.07        
435         10.92       8.79        4.73        1.07        
436         10.92       8.79        4.73        1.07        
437         10.92       8.79        4.73        1.07        
438         10.92       8.79        4.73        1.07        
439         10.92       8.79        4.73        1.08        
440         10.92       8.78        4.73        1.09        
441         10.92       8.78        4.73        1.09        
442         10.92       8.78        4.73        1.09        
443         10.92       8.78        4.73        1.09        
444         10.92       8.78        4.73        1.09        
445         10.92       8.78        4.73        1.09        
446         10.92       8.78        4.73        1.09        
447         10.92       8.77        4.73        1.08        
448         10.92       8.77        4.73        1.08        
449         10.92       8.77        4.73        1.08        
450         10.92       8.77        4.73        1.08        
451         10.92       8.77        4.73        1.08        
452         10.92       8.77        4.73        1.08        
453         10.92       8.77        4.73        1.08        
454         10.92       8.76        4.73        1.08        
455         10.88       8.76        4.73        1.07        
456         10.85       8.76        4.73        1.07        
457         10.85       8.76        4.73        1.07        
458         10.85       8.76        4.73        1.07        
459         10.85       8.76        4.73        1.07        
460         10.85       8.76        4.73        1.07        
461         10.85       8.75        4.73        1.07        
462         10.85       8.75        4.73        1.07        
463         10.85       8.75        4.73        1.07        
464         10.85       8.75        4.73        1.07        
465         10.85       8.75        4.73        1.07        
466         10.85       8.75        4.73        1.07        
467         10.85       8.75        4.73        1.07        
468         10.85       8.75        4.73        1.07        
469         10.85       8.74        4.73        1.08        
470         10.85       8.74        4.73        1.08        
471         10.85       8.74        4.73        1.08        
472         10.85       8.74        4.73        1.08        
473         10.85       8.74        4.73        1.08        
474         10.85       8.74        4.73        1.08        
475         10.85       8.74        4.73        1.08        
476         10.85       8.73        4.73        1.08        
477         10.85       8.73        4.73        1.08        
478         10.85       8.73        4.73        1.08        
479         10.85       8.73        4.73        1.08        
480         10.85       8.73        4.73        1.08        
481         10.85       8.73        4.73        1.08        
482         10.85       8.73        4.73        1.08        
483         10.85       8.73        4.73        1.08        
484         10.85       8.72        4.73        1.08        
485         10.85       8.72        4.73        1.08        
486         10.85       8.72        4.73        1.08        
487         10.85       8.72        4.73        1.08        
488         10.85       8.72        4.73        1.08        
489         10.85       8.72        4.73        1.08        
490         10.85       8.72        4.73        1.08        
491         10.85       8.72        4.73        1.08        
492         10.85       8.71        4.73        1.08        
493         10.85       8.71        4.73        1.08        
494         10.85       8.71        4.73        1.08        
495         10.85       8.71        4.73        1.08        
496         10.85       8.71        4.73        1.08        
497         10.85       8.71        4.73        1.08        
498         10.85       8.70        4.73        1.08        
499         10.85       8.70        4.73        1.08        
