Fitness Progress Results
Population Size: 50
Steps: 250

Generation  Best        Average     Worst       StdDev      
0           inf         inf         6.60        nan         
1           18.74       13.81       6.60        1.66        
2           17.90       13.74       6.60        1.60        
3           17.50       13.70       6.60        1.57        
4           17.39       13.65       6.60        1.55        
5           17.12       13.61       6.60        1.52        
6           16.47       13.56       6.60        1.50        
7           16.43       13.52       6.60        1.47        
8           16.25       13.48       6.60        1.46        
9           16.25       13.42       6.60        1.45        
10          16.16       13.38       6.60        1.44        
11          16.16       13.34       6.60        1.42        
12          16.02       13.31       6.60        1.41        
13          15.98       13.28       6.60        1.40        
14          15.94       13.25       6.60        1.40        
15          15.93       13.22       6.60        1.38        
16          15.65       13.18       6.60        1.37        
17          15.62       13.15       6.60        1.37        
18          15.57       13.12       6.60        1.35        
19          15.57       13.09       6.60        1.35        
20          15.54       13.07       6.60        1.34        
21          15.50       13.04       6.60        1.33        
22          15.48       13.02       6.60        1.32        
23          15.46       12.98       6.60        1.33        
24          15.38       12.96       6.60        1.33        
25          15.36       12.93       6.60        1.33        
26          15.29       12.90       6.60        1.32        
27          15.28       12.88       6.60        1.32        
28          15.23       12.86       6.60        1.31        
29          15.16       12.83       6.60        1.30        
30          15.16       12.81       6.60        1.30        
31          15.15       12.79       6.60        1.29        
32          15.11       12.77       6.60        1.28        
33          15.11       12.75       6.60        1.28        
34          15.11       12.72       6.60        1.28        
35          15.11       12.70       6.60        1.28        
36          15.08       12.67       6.60        1.28        
37          15.08       12.65       6.60        1.27        
38          15.04       12.63       6.60        1.27        
39          15.03       12.60       6.60        1.27        
40          15.02       12.58       6.60        1.26        
41          14.96       12.56       6.60        1.26        
42          14.93       12.54       6.60        1.25        
43          14.90       12.52       6.60        1.25        
44          14.84       12.49       6.60        1.25        
45          14.81       12.47       6.60        1.24        
46          14.80       12.45       6.60        1.24        
47          14.80       12.43       6.60        1.24        
48          14.72       12.42       6.60        1.24        
49          14.72       12.40       6.60        1.23        
50          14.72       12.39       6.60        1.23        
51          14.70       12.38       6.60        1.22        
52          14.70       12.36       6.60        1.22        
53          14.62       12.35       6.60        1.21        
54          14.59       12.33       6.60        1.21        
55          14.57       12.31       6.60        1.21        
56          14.57       12.30       6.60        1.21        
57          14.54       12.28       6.60        1.21        
58          14.54       12.27       6.60        1.20        
59          14.53       12.24       6.60        1.21        
60          14.44       12.23       6.60        1.20        
61          14.44       12.22       6.60        1.20        
62          14.44       12.20       6.60        1.20        
63          14.38       12.18       6.60        1.20        
64          14.38       12.17       6.60        1.19        
65          14.38       12.15       6.60        1.19        
66          14.38       12.14       6.60        1.19        
67          14.38       12.13       6.60        1.18        
68          14.38       12.12       6.60        1.18        
69          14.33       12.10       6.60        1.18        
70          14.31       12.10       6.60        1.18        
71          14.31       12.09       6.60        1.17        
72          14.31       12.07       6.60        1.17        
73          14.31       12.06       6.60        1.17        
74          14.31       12.05       6.60        1.17        
75          14.22       12.04       6.60        1.17        
76          14.22       12.03       6.60        1.17        
77          14.16       12.01       6.60        1.16        
78          14.16       12.00       6.60        1.16        
79          14.09       11.99       6.60        1.16        
80          14.06       11.98       6.60        1.16        
81          14.06       11.97       6.60        1.15        
82          14.06       11.95       6.60        1.16        
83          14.06       11.94       6.60        1.15        
84          14.03       11.93       6.60        1.15        
85          14.03       11.92       6.60        1.15        
86          14.03       11.91       6.60        1.14        
87          14.03       11.90       6.60        1.14        
88          14.03       11.89       6.60        1.14        
89          14.03       11.87       6.60        1.14        
90          14.03       11.86       6.60        1.14        
91          14.03       11.85       6.60        1.14        
92          14.03       11.84       6.60        1.14        
93          14.03       11.83       6.60        1.14        
94          14.03       11.82       6.60        1.14        
95          14.03       11.81       6.60        1.14        
96          14.03       11.80       6.45        1.14        
97          13.95       11.79       6.45        1.14        
98          13.95       11.78       6.45        1.14        
99          13.95       11.77       6.45        1.14        
100         13.95       11.75       6.45        1.14        
101         13.94       11.74       6.26        1.14        
102         13.94       11.73       6.26        1.14        
103         13.88       11.72       6.26        1.14        
104         13.86       11.70       6.26        1.14        
105         13.86       11.68       5.76        1.15        
106         13.85       11.67       5.76        1.15        
107         13.85       11.66       5.76        1.15        
108         13.80       11.65       5.76        1.15        
109         13.70       11.64       5.76        1.14        
110         13.69       11.63       5.76        1.14        
111         13.69       11.61       5.76        1.14        
112         13.69       11.60       5.76        1.14        
113         13.65       11.58       5.76        1.14        
114         13.62       11.56       5.76        1.15        
115         13.47       11.55       5.76        1.14        
116         13.47       11.54       5.76        1.14        
117         13.45       11.52       5.76        1.14        
118         13.45       11.51       5.76        1.14        
119         13.45       11.50       5.73        1.15        
120         13.45       11.48       5.73        1.14        
121         13.43       11.47       5.73        1.14        
122         13.43       11.46       5.73        1.14        
123         13.43       11.44       5.73        1.14        
124         13.42       11.43       5.73        1.14        
125         13.42       11.42       5.73        1.14        
126         13.37       11.40       5.73        1.14        
127         13.37       11.39       5.73        1.14        
128         13.37       11.38       5.73        1.14        
129         13.37       11.37       5.73        1.14        
130         13.36       11.36       5.73        1.14        
131         13.36       11.35       5.73        1.14        
132         13.36       11.35       5.73        1.14        
133         13.36       11.34       5.73        1.14        
134         13.36       11.33       5.73        1.14        
135         13.35       11.32       5.73        1.14        
136         13.35       11.31       5.73        1.14        
137         13.35       11.30       5.73        1.14        
138         13.35       11.29       5.73        1.14        
139         13.35       11.28       5.73        1.14        
140         13.33       11.27       5.73        1.14        
141         13.33       11.26       5.73        1.14        
142         13.33       11.25       5.73        1.14        
143         13.33       11.25       5.73        1.14        
144         13.33       11.23       5.73        1.14        
145         13.31       11.22       5.73        1.14        
146         13.31       11.22       5.73        1.14        
147         13.31       11.21       5.73        1.13        
148         13.31       11.20       5.73        1.13        
149         13.29       11.20       5.73        1.13        
150         13.29       11.20       5.73        1.13        
151         13.28       11.19       5.73        1.13        
152         13.28       11.18       5.73        1.13        
153         13.28       11.17       5.73        1.13        
154         13.28       11.16       5.73        1.13        
155         13.28       11.16       5.73        1.13        
156         13.28       11.15       5.73        1.13        
157         13.28       11.15       5.73        1.12        
158         13.28       11.14       5.73        1.12        
159         13.28       11.14       5.73        1.13        
160         13.28       11.13       5.73        1.12        
161         13.28       11.12       5.73        1.12        
162         13.26       11.11       5.73        1.12        
163         13.26       11.10       5.73        1.12        
164         13.26       11.10       5.73        1.12        
165         13.25       11.09       5.73        1.12        
166         13.24       11.08       5.73        1.12        
167         13.24       11.07       5.73        1.12        
168         13.24       11.06       5.73        1.12        
169         13.24       11.06       5.73        1.12        
170         13.24       11.05       5.73        1.12        
171         13.24       11.04       5.73        1.12        
172         13.24       11.03       5.73        1.11        
173         13.24       11.02       5.73        1.11        
174         13.21       11.01       5.73        1.12        
175         13.21       11.00       5.73        1.12        
176         13.19       11.00       5.73        1.12        
177         13.19       10.99       5.73        1.11        
178         13.17       10.98       5.73        1.11        
179         13.17       10.97       5.73        1.12        
180         13.17       10.96       5.73        1.12        
181         13.17       10.96       5.73        1.11        
182         13.17       10.95       5.73        1.11        
183         13.17       10.94       5.73        1.12        
184         13.17       10.93       5.73        1.12        
185         13.16       10.93       5.73        1.12        
186         13.12       10.92       5.73        1.11        
187         13.12       10.91       5.73        1.11        
188         13.11       10.90       5.73        1.11        
189         13.08       10.90       5.73        1.11        
190         13.08       10.89       5.73        1.11        
191         13.08       10.88       5.73        1.11        
192         13.08       10.88       5.73        1.11        
193         13.05       10.87       5.73        1.11        
194         13.05       10.86       5.73        1.11        
195         13.05       10.86       5.73        1.11        
196         13.05       10.85       5.73        1.11        
197         13.02       10.84       5.73        1.11        
198         12.99       10.83       5.73        1.11        
199         12.99       10.83       5.73        1.11        
200         12.99       10.82       5.73        1.11        
201         12.99       10.82       5.73        1.11        
202         12.99       10.81       5.73        1.11        
203         12.97       10.81       5.73        1.11        
204         12.97       10.80       5.73        1.11        
205         12.97       10.79       5.73        1.11        
206         12.97       10.79       5.73        1.11        
207         12.97       10.78       5.73        1.11        
208         12.96       10.77       5.73        1.11        
209         12.96       10.77       5.73        1.11        
210         12.96       10.76       5.73        1.11        
211         12.96       10.75       5.73        1.11        
212         12.93       10.75       5.73        1.11        
213         12.88       10.74       5.73        1.11        
214         12.88       10.73       5.73        1.11        
215         12.88       10.72       5.73        1.11        
216         12.88       10.71       5.73        1.11        
217         12.87       10.71       5.73        1.11        
218         12.87       10.70       5.51        1.11        
219         12.87       10.69       5.51        1.11        
220         12.87       10.69       5.51        1.11        
221         12.87       10.68       5.51        1.11        
222         12.87       10.68       5.51        1.11        
223         12.87       10.67       5.51        1.11        
224         12.85       10.66       5.51        1.11        
225         12.85       10.65       5.51        1.11        
226         12.85       10.65       5.51        1.11        
227         12.85       10.64       5.51        1.11        
228         12.81       10.64       5.51        1.10        
229         12.81       10.63       5.51        1.11        
230         12.81       10.63       5.51        1.10        
231         12.81       10.62       5.51        1.10        
232         12.81       10.62       5.51        1.10        
233         12.81       10.61       5.51        1.10        
234         12.81       10.60       5.51        1.10        
235         12.81       10.60       5.51        1.10        
236         12.81       10.60       5.51        1.10        
237         12.81       10.59       5.51        1.10        
238         12.77       10.59       5.51        1.10        
239         12.77       10.59       5.51        1.10        
240         12.77       10.58       5.51        1.10        
241         12.77       10.58       5.51        1.10        
242         12.77       10.58       5.51        1.10        
243         12.75       10.57       5.51        1.10        
244         12.75       10.57       5.51        1.10        
245         12.66       10.57       5.51        1.10        
246         12.66       10.56       5.51        1.10        
247         12.66       10.56       5.51        1.10        
248         12.65       10.56       5.51        1.10        
249         12.65       10.55       5.51        1.09        
