Fitness Progress Results
Population Size: 20
Steps: 500

Generation  Best        Average     Worst       StdDev      
0           inf         inf         8.06        nan         
1           19.23       14.19       8.06        1.72        
2           18.09       14.02       8.06        1.61        
3           17.68       13.89       8.06        1.55        
4           16.96       13.77       8.06        1.51        
5           16.94       13.67       8.06        1.47        
6           16.78       13.60       8.06        1.44        
7           16.55       13.52       8.06        1.41        
8           16.25       13.43       7.15        1.42        
9           15.98       13.33       7.15        1.41        
10          15.84       13.28       7.15        1.39        
11          15.84       13.23       7.15        1.37        
12          15.74       13.17       7.15        1.35        
13          15.70       13.11       7.15        1.33        
14          15.70       13.07       7.15        1.32        
15          15.70       13.02       7.15        1.30        
16          15.50       12.97       7.15        1.28        
17          15.17       12.93       7.15        1.27        
18          15.17       12.88       7.15        1.26        
19          15.17       12.84       7.15        1.25        
20          15.17       12.82       7.15        1.25        
21          15.17       12.79       7.15        1.23        
22          15.17       12.77       7.15        1.23        
23          15.17       12.73       7.15        1.22        
24          15.17       12.71       7.15        1.23        
25          15.08       12.67       7.15        1.22        
26          15.08       12.64       7.15        1.21        
27          14.97       12.62       7.15        1.20        
28          14.97       12.58       7.15        1.21        
29          14.97       12.55       7.15        1.20        
30          14.97       12.53       7.15        1.19        
31          14.84       12.50       7.15        1.19        
32          14.82       12.47       7.15        1.18        
33          14.70       12.42       7.15        1.18        
34          14.70       12.40       7.15        1.17        
35          14.70       12.38       7.15        1.17        
36          14.70       12.34       7.15        1.16        
37          14.57       12.31       7.07        1.17        
38          14.57       12.26       7.07        1.18        
39          14.57       12.24       7.07        1.18        
40          14.42       12.22       7.07        1.17        
41          14.42       12.18       7.07        1.17        
42          14.38       12.15       7.07        1.17        
43          14.38       12.12       7.07        1.16        
44          14.23       12.10       7.07        1.15        
45          14.23       12.06       7.07        1.16        
46          14.20       12.03       7.07        1.16        
47          14.20       12.01       7.07        1.15        
48          14.20       11.99       7.07        1.15        
49          14.20       11.97       7.07        1.15        
50          14.18       11.96       7.07        1.15        
51          14.18       11.94       7.07        1.15        
52          14.18       11.91       7.07        1.15        
53          14.18       11.89       7.07        1.15        
54          14.18       11.87       7.07        1.15        
55          14.18       11.86       7.07        1.15        
56          14.18       11.84       7.07        1.15        
57          14.18       11.83       7.07        1.14        
58          14.18       11.81       7.07        1.14        
59          13.97       11.80       7.07        1.13        
60          13.97       11.78       7.07        1.13        
61          13.84       11.76       7.07        1.13        
62          13.82       11.74       7.07        1.12        
63          13.82       11.73       7.07        1.12        
64          13.78       11.71       7.07        1.11        
65          13.78       11.70       7.07        1.11        
66          13.78       11.69       7.07        1.10        
67          13.76       11.67       7.07        1.11        
68          13.76       11.66       7.07        1.11        
69          13.76       11.64       7.07        1.11        
70          13.76       11.62       7.07        1.12        
71          13.72       11.61       7.07        1.11        
72          13.72       11.59       7.07        1.12        
73          13.72       11.58       7.07        1.11        
74          13.71       11.56       7.07        1.11        
75          13.71       11.54       7.07        1.11        
76          13.71       11.53       7.07        1.10        
77          13.71       11.51       7.07        1.10        
78          13.71       11.50       7.07        1.10        
79          13.63       11.49       7.07        1.10        
80          13.61       11.48       7.07        1.09        
81          13.61       11.47       7.07        1.09        
82          13.42       11.46       7.07        1.09        
83          13.42       11.44       7.07        1.09        
84          13.42       11.42       7.07        1.09        
85          13.42       11.40       7.07        1.09        
86          13.40       11.39       7.07        1.09        
87          13.40       11.37       7.07        1.09        
88          13.40       11.36       7.07        1.09        
89          13.40       11.34       7.07        1.09        
90          13.40       11.32       7.07        1.10        
91          13.40       11.29       6.71        1.12        
92          13.40       11.28       6.71        1.11        
93          13.40       11.28       6.71        1.11        
94          13.40       11.27       6.71        1.11        
95          13.37       11.26       6.71        1.11        
96          13.35       11.25       6.71        1.11        
97          13.35       11.23       6.71        1.11        
98          13.35       11.22       6.71        1.11        
99          13.35       11.22       6.71        1.11        
100         13.35       11.21       6.71        1.10        
101         13.35       11.19       6.71        1.10        
102         13.34       11.17       6.71        1.11        
103         13.34       11.16       6.71        1.11        
104         13.34       11.14       6.71        1.11        
105         13.34       11.12       6.71        1.10        
106         13.34       11.11       6.71        1.10        
107         13.34       11.09       6.71        1.11        
108         13.34       11.08       6.71        1.11        
109         13.34       11.07       6.71        1.11        
110         13.34       11.06       6.71        1.12        
111         13.34       11.04       6.71        1.12        
112         13.24       11.03       6.71        1.12        
113         13.24       11.02       6.71        1.12        
114         13.24       11.01       6.71        1.12        
115         13.24       11.01       6.71        1.12        
116         13.11       10.99       6.71        1.12        
117         13.11       10.98       6.71        1.12        
118         13.11       10.97       6.71        1.13        
119         13.11       10.96       6.71        1.13        
120         13.11       10.95       6.71        1.13        
121         13.01       10.95       6.71        1.13        
122         12.99       10.94       6.71        1.13        
123         12.99       10.92       6.71        1.14        
124         12.94       10.91       6.71        1.14        
125         12.94       10.89       6.71        1.14        
126         12.94       10.88       6.71        1.14        
127         12.93       10.87       6.71        1.13        
128         12.93       10.85       6.71        1.13        
129         12.93       10.84       6.71        1.13        
130         12.93       10.83       6.71        1.13        
131         12.92       10.81       6.71        1.12        
132         12.92       10.79       6.71        1.12        
133         12.92       10.78       6.71        1.12        
134         12.92       10.78       6.71        1.12        
135         12.92       10.77       6.71        1.12        
136         12.92       10.76       6.71        1.12        
137         12.92       10.76       6.71        1.11        
138         12.92       10.75       6.71        1.12        
139         12.92       10.74       6.71        1.12        
140         12.92       10.73       6.71        1.12        
141         12.92       10.73       6.71        1.12        
142         12.92       10.72       6.71        1.12        
143         12.92       10.71       6.71        1.12        
144         12.92       10.71       6.71        1.11        
145         12.84       10.70       6.71        1.11        
146         12.84       10.69       6.71        1.11        
147         12.84       10.69       6.71        1.11        
148         12.84       10.69       6.71        1.11        
149         12.84       10.68       6.71        1.11        
150         12.84       10.68       6.71        1.11        
151         12.84       10.68       6.71        1.10        
152         12.84       10.67       6.71        1.10        
153         12.84       10.66       6.71        1.11        
154         12.84       10.65       6.71        1.11        
155         12.84       10.64       6.71        1.10        
156         12.84       10.63       6.71        1.11        
157         12.84       10.63       6.71        1.10        
158         12.84       10.62       6.71        1.10        
159         12.84       10.62       6.71        1.10        
160         12.84       10.61       6.71        1.10        
161         12.84       10.60       6.71        1.10        
162         12.84       10.60       6.71        1.10        
163         12.84       10.59       6.71        1.09        
164         12.84       10.59       6.71        1.09        
165         12.84       10.58       6.71        1.09        
166         12.84       10.58       6.71        1.09        
167         12.84       10.57       6.71        1.09        
168         12.84       10.56       6.71        1.09        
169         12.77       10.55       6.71        1.09        
170         12.77       10.55       6.71        1.09        
171         12.72       10.54       6.71        1.09        
172         12.62       10.53       6.71        1.08        
173         12.62       10.52       6.71        1.09        
174         12.62       10.51       6.71        1.08        
175         12.62       10.51       6.71        1.08        
176         12.62       10.50       6.71        1.08        
177         12.62       10.50       6.71        1.08        
178         12.62       10.49       6.71        1.08        
179         12.62       10.49       6.71        1.08        
180         12.62       10.49       6.71        1.08        
181         12.62       10.49       6.71        1.08        
182         12.62       10.48       6.71        1.08        
183         12.62       10.48       6.71        1.08        
184         12.62       10.47       6.71        1.08        
185         12.62       10.46       6.71        1.08        
186         12.62       10.46       6.71        1.07        
187         12.62       10.45       6.71        1.07        
188         12.62       10.44       6.71        1.08        
189         12.62       10.43       6.71        1.08        
190         12.62       10.43       6.71        1.08        
191         12.62       10.43       6.71        1.08        
192         12.62       10.42       6.71        1.08        
193         12.62       10.42       6.71        1.08        
194         12.62       10.41       6.71        1.08        
195         12.62       10.41       6.71        1.08        
196         12.62       10.40       6.71        1.08        
197         12.62       10.39       6.71        1.08        
198         12.62       10.39       6.71        1.08        
199         12.62       10.38       6.71        1.08        
200         12.62       10.38       6.71        1.08        
201         12.62       10.37       6.71        1.08        
202         12.58       10.37       6.71        1.08        
203         12.58       10.36       6.71        1.08        
204         12.58       10.36       6.71        1.08        
205         12.58       10.35       6.71        1.08        
206         12.58       10.34       6.71        1.08        
207         12.58       10.33       6.71        1.08        
208         12.58       10.32       6.71        1.07        
209         12.58       10.32       6.71        1.07        
210         12.58       10.32       6.71        1.07        
211         12.51       10.31       6.71        1.07        
212         12.51       10.31       6.71        1.07        
213         12.51       10.31       6.71        1.07        
214         12.51       10.31       6.71        1.07        
215         12.51       10.30       6.71        1.07        
216         12.51       10.30       6.71        1.07        
217         12.51       10.30       6.71        1.07        
218         12.45       10.29       6.71        1.07        
219         12.45       10.29       6.71        1.07        
220         12.45       10.28       6.71        1.07        
221         12.45       10.27       6.71        1.07        
222         12.45       10.27       6.71        1.07        
223         12.45       10.26       6.71        1.07        
224         12.45       10.26       6.71        1.07        
225         12.45       10.25       6.71        1.07        
226         12.45       10.25       6.71        1.07        
227         12.45       10.24       6.71        1.07        
228         12.45       10.24       6.71        1.07        
229         12.45       10.23       6.71        1.06        
230         12.45       10.22       6.71        1.07        
231         12.45       10.22       6.71        1.07        
232         12.34       10.21       6.71        1.07        
233         12.34       10.21       6.71        1.06        
234         12.34       10.20       6.71        1.06        
235         12.34       10.20       6.71        1.06        
236         12.34       10.19       6.71        1.06        
237         12.34       10.19       6.71        1.07        
238         12.30       10.18       6.71        1.07        
239         12.30       10.18       6.71        1.07        
240         12.28       10.17       6.71        1.07        
241         12.28       10.16       6.71        1.07        
242         12.28       10.16       6.71        1.07        
243         12.28       10.16       6.71        1.06        
244         12.28       10.15       6.71        1.06        
245         12.18       10.14       6.71        1.06        
246         12.18       10.14       6.71        1.06        
247         12.18       10.14       6.71        1.06        
248         12.07       10.13       6.71        1.05        
249         12.07       10.13       6.71        1.05        
250         12.07       10.12       6.71        1.05        
251         12.07       10.12       6.71        1.05        
252         12.07       10.11       6.71        1.05        
253         12.07       10.10       6.71        1.05        
254         12.07       10.10       6.71        1.05        
255         12.07       10.09       6.71        1.05        
256         12.07       10.09       6.71        1.05        
257         12.07       10.09       6.71        1.05        
258         12.07       10.09       6.71        1.05        
259         12.07       10.09       6.71        1.05        
260         12.07       10.09       6.71        1.05        
261         12.07       10.08       6.71        1.05        
262         12.07       10.08       6.71        1.05        
263         12.07       10.08       6.71        1.05        
264         12.07       10.08       6.71        1.05        
265         12.07       10.07       6.71        1.05        
266         12.07       10.07       6.71        1.04        
267         12.07       10.07       6.71        1.04        
268         12.07       10.06       6.37        1.05        
269         12.07       10.06       6.37        1.05        
270         12.06       10.06       6.37        1.05        
271         12.06       10.05       6.37        1.05        
272         12.06       10.05       6.37        1.05        
273         12.06       10.05       6.37        1.05        
274         12.03       10.04       6.37        1.05        
275         12.03       10.04       6.37        1.05        
276         12.03       10.04       6.37        1.05        
277         12.03       10.03       6.37        1.05        
278         12.03       10.03       6.37        1.05        
279         12.03       10.03       6.37        1.05        
280         12.03       10.02       6.37        1.05        
281         12.03       10.01       6.37        1.05        
282         12.03       10.01       6.37        1.05        
283         12.03       10.01       6.37        1.05        
284         12.03       10.00       6.37        1.05        
285         12.03       10.00       6.37        1.05        
286         12.03       10.00       6.37        1.05        
287         12.03       10.00       6.37        1.05        
288         12.03       10.00       6.37        1.04        
289         12.03       9.99        6.37        1.04        
290         12.03       9.99        6.37        1.04        
291         12.03       9.99        6.37        1.04        
292         12.03       9.99        6.37        1.04        
293         12.03       9.98        6.37        1.04        
294         12.03       9.98        6.37        1.04        
295         12.03       9.97        6.37        1.04        
296         11.97       9.97        6.37        1.04        
297         11.97       9.97        6.37        1.04        
298         11.97       9.96        6.37        1.04        
299         11.97       9.96        6.37        1.03        
300         11.97       9.96        6.37        1.03        
301         11.97       9.96        6.37        1.03        
302         11.97       9.96        6.37        1.03        
303         11.97       9.95        6.37        1.03        
304         11.97       9.95        6.37        1.03        
305         11.97       9.95        6.37        1.03        
306         11.97       9.95        6.37        1.03        
307         11.97       9.95        6.37        1.03        
308         11.97       9.95        6.37        1.03        
309         11.97       9.94        6.37        1.03        
310         11.97       9.94        6.37        1.03        
311         11.88       9.94        6.37        1.03        
312         11.88       9.94        6.37        1.03        
313         11.88       9.94        6.37        1.03        
314         11.88       9.94        6.37        1.03        
315         11.88       9.94        6.37        1.03        
316         11.88       9.93        6.37        1.03        
317         11.88       9.93        6.37        1.03        
318         11.88       9.93        6.37        1.03        
319         11.88       9.93        6.37        1.03        
320         11.88       9.92        6.37        1.04        
321         11.88       9.92        6.37        1.04        
322         11.88       9.92        6.37        1.03        
323         11.88       9.92        6.37        1.03        
324         11.88       9.91        6.37        1.03        
325         11.88       9.91        6.37        1.03        
326         11.88       9.91        6.37        1.03        
327         11.88       9.91        6.37        1.03        
328         11.88       9.90        6.37        1.03        
329         11.88       9.90        6.37        1.03        
330         11.88       9.90        6.37        1.03        
331         11.88       9.90        6.37        1.03        
332         11.88       9.89        6.37        1.03        
333         11.88       9.89        6.37        1.03        
334         11.81       9.89        6.37        1.03        
335         11.81       9.89        6.37        1.03        
336         11.81       9.88        6.37        1.03        
337         11.81       9.88        6.37        1.03        
338         11.81       9.87        6.37        1.03        
339         11.81       9.87        6.37        1.03        
340         11.81       9.86        6.37        1.03        
341         11.81       9.86        6.37        1.02        
342         11.81       9.85        6.37        1.02        
343         11.81       9.85        6.37        1.03        
344         11.81       9.84        6.37        1.03        
345         11.80       9.84        6.37        1.03        
346         11.80       9.84        6.37        1.03        
347         11.80       9.83        6.37        1.03        
348         11.80       9.83        6.37        1.03        
349         11.80       9.83        6.37        1.03        
350         11.72       9.82        6.37        1.03        
351         11.72       9.82        6.37        1.03        
352         11.72       9.82        6.37        1.03        
353         11.72       9.82        6.37        1.03        
354         11.72       9.81        6.37        1.03        
355         11.72       9.81        6.37        1.03        
356         11.72       9.81        6.37        1.03        
357         11.72       9.80        6.37        1.03        
358         11.72       9.80        6.37        1.03        
359         11.72       9.80        6.37        1.03        
360         11.72       9.79        6.37        1.03        
361         11.72       9.79        5.03        1.04        
362         11.72       9.79        5.03        1.04        
363         11.72       9.78        5.03        1.05        
364         11.72       9.78        5.03        1.05        
365         11.66       9.78        5.03        1.05        
366         11.66       9.78        5.03        1.05        
367         11.66       9.78        5.03        1.05        
368         11.66       9.78        5.03        1.05        
369         11.66       9.77        5.03        1.05        
370         11.66       9.77        5.03        1.04        
371         11.66       9.76        5.03        1.04        
372         11.63       9.76        5.03        1.04        
373         11.63       9.76        5.03        1.04        
374         11.63       9.76        5.03        1.04        
375         11.63       9.76        5.03        1.04        
376         11.63       9.75        5.03        1.04        
377         11.63       9.75        5.03        1.04        
378         11.63       9.75        5.03        1.04        
379         11.63       9.75        5.03        1.04        
380         11.63       9.74        5.03        1.04        
381         11.63       9.74        5.03        1.05        
382         11.63       9.74        5.03        1.05        
383         11.63       9.73        5.03        1.05        
384         11.63       9.73        5.03        1.05        
385         11.63       9.73        5.03        1.05        
386         11.63       9.73        5.03        1.05        
387         11.63       9.72        5.03        1.05        
388         11.63       9.72        5.03        1.05        
389         11.63       9.72        5.03        1.05        
390         11.63       9.72        5.03        1.05        
391         11.63       9.71        5.03        1.05        
392         11.63       9.71        5.03        1.05        
393         11.63       9.70        5.03        1.05        
394         11.63       9.70        5.03        1.05        
395         11.63       9.70        5.03        1.05        
396         11.63       9.70        5.03        1.05        
397         11.63       9.69        5.03        1.05        
398         11.63       9.69        5.03        1.05        
399         11.63       9.69        5.03        1.05        
400         11.63       9.68        5.03        1.05        
401         11.63       9.68        5.03        1.05        
402         11.55       9.67        5.03        1.05        
403         11.55       9.66        5.03        1.05        
404         11.55       9.66        5.03        1.05        
405         11.55       9.66        5.03        1.05        
406         11.55       9.66        5.03        1.05        
407         11.55       9.66        5.03        1.05        
408         11.55       9.66        5.03        1.05        
409         11.55       9.66        5.03        1.05        
410         11.55       9.66        5.03        1.05        
411         11.55       9.66        5.03        1.05        
412         11.55       9.66        5.03        1.05        
413         11.55       9.66        5.03        1.04        
414         11.55       9.65        5.03        1.05        
415         11.55       9.65        5.03        1.04        
416         11.55       9.65        5.03        1.04        
417         11.55       9.65        5.03        1.04        
418         11.55       9.65        5.03        1.04        
419         11.55       9.65        5.03        1.04        
420         11.55       9.65        5.03        1.04        
421         11.55       9.64        5.03        1.04        
422         11.55       9.64        5.03        1.04        
423         11.55       9.64        5.03        1.05        
424         11.55       9.63        5.03        1.05        
425         11.55       9.63        5.03        1.04        
426         11.55       9.63        5.03        1.04        
427         11.55       9.63        5.03        1.04        
428         11.55       9.63        5.03        1.04        
429         11.55       9.62        5.03        1.04        
430         11.55       9.62        5.03        1.04        
431         11.55       9.62        5.03        1.04        
432         11.55       9.62        5.03        1.04        
433         11.55       9.61        5.03        1.05        
434         11.55       9.61        5.03        1.05        
435         11.55       9.61        5.03        1.05        
436         11.55       9.61        5.03        1.05        
437         11.55       9.60        5.03        1.04        
438         11.55       9.60        5.03        1.04        
439         11.55       9.60        5.03        1.04        
440         11.55       9.60        5.03        1.04        
441         11.55       9.60        5.03        1.04        
442         11.55       9.59        5.03        1.04        
443         11.55       9.59        5.03        1.04        
444         11.55       9.59        5.03        1.04        
445         11.55       9.58        5.03        1.04        
446         11.55       9.58        5.03        1.04        
447         11.55       9.58        5.03        1.04        
448         11.55       9.57        5.03        1.04        
449         11.55       9.57        5.03        1.04        
450         11.55       9.57        5.03        1.04        
451         11.55       9.57        5.03        1.04        
452         11.45       9.56        5.03        1.04        
453         11.45       9.56        5.03        1.04        
454         11.45       9.56        5.03        1.04        
455         11.45       9.55        5.03        1.04        
456         11.45       9.55        5.03        1.04        
457         11.45       9.55        5.03        1.04        
458         11.45       9.55        5.03        1.04        
459         11.45       9.55        5.03        1.04        
460         11.45       9.55        5.03        1.04        
461         11.45       9.55        5.03        1.04        
462         11.45       9.55        5.03        1.04        
463         11.45       9.54        5.03        1.04        
464         11.45       9.54        5.03        1.04        
465         11.45       9.54        5.03        1.04        
466         11.45       9.54        5.03        1.04        
467         11.45       9.54        5.03        1.04        
468         11.45       9.53        5.03        1.04        
469         11.45       9.53        5.03        1.04        
470         11.43       9.53        5.03        1.04        
471         11.43       9.53        5.03        1.04        
472         11.43       9.53        5.03        1.04        
473         11.43       9.53        5.03        1.04        
474         11.43       9.52        5.03        1.03        
475         11.43       9.52        5.03        1.03        
476         11.42       9.52        5.03        1.03        
477         11.41       9.51        5.03        1.03        
478         11.41       9.51        5.03        1.03        
479         11.41       9.51        5.03        1.03        
480         11.41       9.51        5.03        1.03        
481         11.41       9.51        5.03        1.03        
482         11.41       9.50        5.03        1.03        
483         11.41       9.50        5.03        1.03        
484         11.41       9.50        5.03        1.03        
485         11.41       9.49        5.03        1.03        
486         11.41       9.49        5.03        1.03        
487         11.41       9.49        5.03        1.03        
488         11.40       9.49        5.03        1.03        
489         11.40       9.49        5.03        1.03        
490         11.40       9.49        5.03        1.03        
491         11.40       9.49        5.03        1.03        
492         11.40       9.49        5.03        1.03        
493         11.40       9.48        5.03        1.03        
494         11.40       9.48        5.03        1.03        
495         11.40       9.48        5.03        1.03        
496         11.40       9.48        5.03        1.03        
497         11.40       9.48        5.03        1.03        
498         11.40       9.47        5.03        1.03        
499         11.40       9.47        5.03        1.03        
