Fitness Progress Results
Population Size: 50
Steps: 250

Generation  Best        Average     Worst       StdDev      
0           inf         inf         7.05        nan         
1           inf         inf         7.05        nan         
2           18.95       13.81       7.05        1.64        
3           17.97       13.75       7.05        1.60        
4           17.67       13.70       7.05        1.57        
5           17.58       13.65       7.05        1.55        
6           17.17       13.60       7.05        1.52        
7           17.13       13.56       7.05        1.51        
8           17.06       13.52       7.05        1.49        
9           17.05       13.48       7.05        1.48        
10          16.63       13.45       7.05        1.46        
11          16.54       13.40       7.05        1.45        
12          16.43       13.36       7.05        1.44        
13          16.41       13.32       7.05        1.43        
14          16.33       13.28       7.05        1.43        
15          16.26       13.25       7.05        1.42        
16          16.24       13.21       7.05        1.42        
17          16.22       13.18       7.05        1.40        
18          16.18       13.15       7.05        1.40        
19          16.16       13.11       7.05        1.39        
20          16.16       13.09       7.05        1.38        
21          16.08       13.06       7.05        1.37        
22          15.95       13.03       7.05        1.37        
23          15.86       13.01       7.05        1.36        
24          15.82       12.98       7.05        1.35        
25          15.82       12.95       7.05        1.35        
26          15.77       12.92       7.05        1.34        
27          15.73       12.89       7.05        1.34        
28          15.73       12.87       7.05        1.33        
29          15.66       12.84       7.05        1.32        
30          15.64       12.82       7.05        1.32        
31          15.61       12.80       7.05        1.31        
32          15.56       12.78       7.05        1.31        
33          15.53       12.75       7.05        1.31        
34          15.49       12.72       7.05        1.30        
35          15.42       12.70       7.05        1.30        
36          15.42       12.68       7.05        1.29        
37          15.42       12.66       7.05        1.29        
38          15.42       12.64       7.05        1.29        
39          15.40       12.62       7.05        1.28        
40          15.34       12.60       7.05        1.28        
41          15.33       12.58       7.05        1.28        
42          15.33       12.55       7.05        1.27        
43          15.28       12.53       7.05        1.27        
44          15.25       12.51       7.05        1.26        
45          15.25       12.50       7.05        1.26        
46          15.25       12.48       7.05        1.26        
47          15.25       12.46       6.90        1.26        
48          15.25       12.45       6.90        1.26        
49          15.25       12.43       6.90        1.25        
50          15.25       12.42       6.90        1.25        
51          15.25       12.40       6.90        1.25        
52          15.25       12.38       6.90        1.25        
53          15.23       12.36       6.90        1.25        
54          15.23       12.34       6.90        1.25        
55          15.22       12.32       6.90        1.25        
56          15.16       12.30       6.90        1.25        
57          15.02       12.29       6.90        1.25        
58          15.02       12.28       6.90        1.24        
59          15.02       12.26       6.90        1.24        
60          15.02       12.25       6.90        1.23        
61          15.02       12.23       6.90        1.23        
62          14.98       12.21       6.90        1.23        
63          14.98       12.19       6.90        1.23        
64          14.97       12.17       6.90        1.23        
65          14.97       12.15       6.90        1.22        
66          14.97       12.14       6.90        1.22        
67          14.80       12.12       6.90        1.22        
68          14.58       12.11       6.90        1.22        
69          14.58       12.09       6.90        1.22        
70          14.50       12.07       6.90        1.21        
71          14.50       12.06       6.90        1.21        
72          14.43       12.05       6.90        1.21        
73          14.43       12.03       6.90        1.20        
74          14.43       12.02       6.90        1.20        
75          14.38       12.01       6.90        1.20        
76          14.38       11.99       6.90        1.20        
77          14.38       11.98       6.90        1.20        
78          14.32       11.97       6.90        1.20        
79          14.32       11.96       6.90        1.20        
80          14.32       11.94       6.90        1.20        
81          14.32       11.92       6.90        1.20        
82          14.32       11.91       6.90        1.20        
83          14.32       11.89       6.90        1.20        
84          14.32       11.88       6.90        1.20        
85          14.30       11.86       6.90        1.20        
86          14.30       11.85       6.73        1.21        
87          14.30       11.84       6.73        1.21        
88          14.26       11.82       6.73        1.21        
89          14.26       11.80       6.73        1.21        
90          14.24       11.79       6.73        1.21        
91          14.24       11.78       6.73        1.20        
92          14.24       11.76       6.73        1.20        
93          14.22       11.75       6.73        1.19        
94          14.20       11.73       6.73        1.19        
95          14.20       11.72       6.73        1.19        
96          14.16       11.71       6.73        1.19        
97          14.16       11.70       6.73        1.19        
98          14.16       11.69       6.73        1.19        
99          14.16       11.67       6.73        1.18        
100         14.16       11.66       6.73        1.18        
101         14.16       11.64       6.73        1.18        
102         14.13       11.63       6.73        1.18        
103         14.12       11.62       6.73        1.18        
104         14.12       11.61       6.73        1.18        
105         14.12       11.59       6.73        1.18        
106         14.12       11.58       6.73        1.18        
107         14.12       11.57       6.73        1.17        
108         14.12       11.56       6.73        1.17        
109         14.08       11.55       6.73        1.17        
110         14.08       11.54       6.73        1.17        
111         14.08       11.53       6.73        1.17        
112         14.08       11.51       6.73        1.17        
113         14.08       11.50       6.73        1.17        
114         14.08       11.49       6.73        1.17        
115         14.08       11.48       6.73        1.17        
116         14.01       11.47       6.73        1.17        
117         14.01       11.46       6.73        1.17        
118         14.01       11.45       6.73        1.17        
119         14.01       11.43       6.73        1.17        
120         13.92       11.41       6.73        1.17        
121         13.91       11.40       6.73        1.17        
122         13.91       11.40       6.73        1.17        
123         13.91       11.39       6.73        1.17        
124         13.83       11.37       6.73        1.17        
125         13.80       11.35       6.73        1.18        
126         13.80       11.34       6.73        1.18        
127         13.71       11.33       6.73        1.18        
128         13.71       11.32       4.75        1.18        
129         13.71       11.31       4.75        1.18        
130         13.69       11.29       4.75        1.18        
131         13.68       11.27       4.75        1.18        
132         13.62       11.26       4.75        1.18        
133         13.54       11.25       4.75        1.17        
134         13.54       11.23       4.75        1.17        
135         13.54       11.22       4.75        1.17        
136         13.54       11.21       4.75        1.17        
137         13.50       11.20       4.75        1.17        
138         13.50       11.19       4.75        1.17        
139         13.47       11.18       4.75        1.17        
140         13.47       11.17       4.75        1.18        
141         13.47       11.16       4.75        1.18        
142         13.47       11.15       4.75        1.17        
143         13.47       11.14       4.75        1.17        
144         13.47       11.13       4.75        1.17        
145         13.47       11.13       4.75        1.17        
146         13.47       11.11       4.75        1.17        
147         13.47       11.11       4.75        1.17        
148         13.44       11.10       4.75        1.17        
149         13.44       11.09       4.75        1.17        
150         13.44       11.08       4.75        1.17        
151         13.42       11.07       4.75        1.16        
152         13.42       11.06       4.75        1.16        
153         13.42       11.05       4.75        1.16        
154         13.37       11.03       4.75        1.16        
155         13.37       11.02       4.75        1.17        
156         13.36       11.00       4.75        1.17        
157         13.35       10.99       4.75        1.16        
158         13.35       10.98       4.75        1.16        
159         13.35       10.97       4.75        1.17        
160         13.34       10.96       4.75        1.17        
161         13.32       10.94       4.75        1.18        
162         13.32       10.92       4.75        1.18        
163         13.28       10.91       4.75        1.18        
164         13.28       10.90       4.75        1.18        
165         13.28       10.89       4.75        1.18        
166         13.28       10.87       4.75        1.19        
167         13.28       10.87       4.75        1.19        
168         13.28       10.85       4.75        1.19        
169         13.26       10.85       4.75        1.18        
170         13.26       10.83       4.75        1.19        
171         13.26       10.82       4.75        1.19        
172         13.26       10.80       4.75        1.19        
173         13.26       10.79       4.75        1.19        
174         13.26       10.78       4.75        1.19        
175         13.26       10.77       4.75        1.19        
176         13.26       10.76       4.75        1.19        
177         13.26       10.75       4.75        1.19        
178         13.26       10.74       4.75        1.19        
179         13.26       10.73       4.75        1.19        
180         13.25       10.72       4.75        1.19        
181         13.18       10.71       4.75        1.19        
182         13.18       10.70       4.75        1.19        
183         13.18       10.70       4.75        1.19        
184         13.18       10.69       4.75        1.19        
185         13.18       10.68       4.75        1.19        
186         13.16       10.67       4.75        1.19        
187         13.16       10.66       4.75        1.19        
188         13.16       10.65       4.75        1.20        
189         13.16       10.64       4.75        1.20        
190         13.16       10.63       4.75        1.20        
191         13.14       10.62       4.75        1.20        
192         13.14       10.61       4.75        1.20        
193         13.14       10.60       4.75        1.20        
194         13.13       10.60       4.75        1.20        
195         13.13       10.59       4.75        1.20        
196         13.13       10.58       4.75        1.20        
197         13.13       10.57       4.75        1.20        
198         13.10       10.56       4.75        1.20        
199         13.10       10.55       4.75        1.20        
200         13.10       10.55       4.75        1.20        
201         13.10       10.54       4.75        1.20        
202         13.10       10.53       4.75        1.20        
203         13.10       10.52       4.75        1.20        
204         13.10       10.51       4.75        1.20        
205         13.10       10.50       4.75        1.20        
206         13.10       10.49       4.75        1.20        
207         13.08       10.48       4.75        1.20        
208         13.08       10.46       4.75        1.19        
209         13.07       10.45       4.75        1.19        
210         13.01       10.44       4.75        1.19        
211         13.00       10.44       4.75        1.19        
212         13.00       10.43       4.75        1.20        
213         13.00       10.42       4.75        1.20        
214         13.00       10.41       4.75        1.20        
215         13.00       10.40       4.75        1.20        
216         13.00       10.39       4.75        1.20        
217         13.00       10.38       4.75        1.20        
218         13.00       10.37       4.75        1.20        
219         13.00       10.36       4.75        1.20        
220         13.00       10.36       4.75        1.20        
221         13.00       10.35       4.75        1.20        
222         12.98       10.34       4.75        1.20        
223         12.98       10.33       4.75        1.20        
224         12.98       10.32       4.75        1.20        
225         12.97       10.31       4.75        1.20        
226         12.97       10.30       4.75        1.20        
227         12.97       10.29       4.75        1.20        
228         12.97       10.28       4.75        1.21        
229         12.97       10.27       4.75        1.21        
230         12.97       10.27       4.75        1.21        
231         12.97       10.26       4.75        1.20        
232         12.95       10.25       4.75        1.21        
233         12.95       10.24       4.75        1.20        
234         12.95       10.23       4.75        1.20        
235         12.95       10.22       4.75        1.20        
236         12.95       10.21       4.75        1.20        
237         12.95       10.20       4.75        1.20        
238         12.95       10.19       4.75        1.21        
239         12.95       10.18       4.75        1.21        
240         12.94       10.17       4.75        1.21        
241         12.94       10.16       4.75        1.21        
242         12.94       10.16       4.75        1.21        
243         12.94       10.15       4.75        1.21        
244         12.94       10.14       4.75        1.20        
245         12.94       10.13       4.75        1.21        
246         12.94       10.12       4.75        1.21        
247         12.94       10.11       4.75        1.21        
248         12.94       10.10       4.75        1.21        
249         12.94       10.10       4.75        1.21        
